8867621
940261
786598
2153978
8526408
8972939
5274171
9555008
3995168
3231867
9723141
9407159
6870574
4070331
8534425
2574541
3436064
9764801
5302281
2065414
3922463
3373205
9355543
4197241
3506606
569392
4485235
4796772
902448
4046535
483266
87549
9673387
5948592
5531738
6340341
2666975
4768450
698914
3931647
638634
1058594
9800535
2625379
2090562
9555347
4682381
4822350
8614837
6303807
9751992
8031362
9494016
2457905
1384335
5892951
4045072
8026998
8562949
6030994
8540660
1354307
3515347
430609
6732660
5822768
9573427
9037371
8698501
6397496
