778
779
824
826
877
881
966
971
1275
1281
1454
1455
2296
3825
4850
5081
6110
6114
6272
6776
6778
7251
7255
7725
7905
7906
8152
8157
8256
8260
8500
8505
8614
9150
9154
9642
9646
9899
9961
9963
10916
10919
10996
10999
11441
11444
11693
11696
11735
12136
12373
12376
12525
12527
12531
13562
13566
14290
14296
14299
14341
14707
15047
15051
15668
15822
15826
15859
15863
15907
16789
16792
16835
17071
17075
17124
18445
18451
18761
18763
18806
19295
19298
19965
20547
20550
20733
20736
20779
20952
20955
21281
21284
21333
21371
21464
21467
21536
21701
21704
21842
22158
22161
22254
22258
22290
22293
22523
22527
22640
22643
23227
23696
23806
23809
23869
24152
24157
24213
24216
24883
24891
24894
24944
24950
24966
25024
25029
25182
25185
25206
25608
25611
28192
28194
28314
28316
28717
28721
28854
28925
29059
29062
29505
30335
30618
31264
33640
33644
33786
33791
34001
34004
34121
34218
34221
34574
34576
34601
34604
34796
35650
36115
36324
36677
36896
36899
37263
37266
37292
37522
37692
37695
37737
38203
38208
38439
38441
38659
38662
38992
38996
39088
39175
39178
39568
39906
39911
40054
40684
41018
41024
41028
41193
41196
42247
42253
42447
42450
42730
42894
42967
42970
43305
43308
43895
43898
43945
43947
44482
44485
44985
45458
45623
46234
46689
46816
47043
47046
47251
47479
47773
47777
47941
47944
48137
48225
48247
48280
48282
48506
48509
48628
48632
48654
49123
49131
49790
50043
50126
50403
50689
51630
51789
51792
52000
52003
52136
52139
52706
52708
52894
52897
53220
53284
53718
53723
53735
54885
54990
54992
55488
55490
55549
55552
55724
55776
55778
55971
56675
56941
56943
57013
57713
57716
58579
58582
59108
59109
59507
59582
59585
59736
60026
60030
60076
60079
60649
60653
61071
61572
61587
61873
61878
62038
62111
62114
62553
62557
62649
62651
62803
62806
62888
62891
63286
63608
63878
65009
65012
65085
65199
65202
65326
65539
66025
66029
66158
66547
66565
66686
66689
66748
66752
67411
67733
67735
68207
68209
68741
68744
68771
68775
68937
68939
69052
69081
69084
69301
69308
69543
69548
70480
71197
71250
71277
71280
71520
71522
71785
71789
72724
72750
72785
72788
73478
73789
73792
74008
74212
74320
74323
74505
74509
74553
74566
74706
74757
74761
74976
75458
75461
75692
75696
75810
75813
75939
75942
75985
76194
76728
76740
76743
77254
77312
77936
78079
78082
78189
78194
78748
78752
79334
79702
79704
79719
80073
80556
80559
80905
81167
81699
81702
82180
82943
83486
83489
83535
83638
83913
83916
84031
84034
84192
84196
84989
84992
85777
86013
86017
86130
86131
88001
88005
88256
88715
88719
89241
89616
89619
89740
89984
90608
91173
91279
91283
91797
92288
92290
93162
93199
93202
93292
94080
94083
94337
94340
94368
94489
94513
94840
94845
95788
95794
96549
96553
96818
97071
97073
98957
98960
99408
99412
99905
99908
100710
100724
101187
101773
101879
101917
101919
101943
102061
102064
103104
103448
103699
103736
103739
104013
104016
104530
104533
104557
104562
104710
105170
105261
105265
105582
105679
105936
105939
105942
105955
105958
105995
105997
106136
106325
106778
106979
107311
107315
107445
107481
107687
107723
108836
108839
109231
109236
109276
109492
109497
109526
110203
110342
110344
112553
112810
112814
113395
113694
113698
113845
113847
113967
114385
114431
114492
114495
114528
114535
114587
114591
116051
116054
116229
116606
116747
116754
116910
116915
116996
116999
117029
117031
118263
118266
119131
119135
119185
119190
119603
119609
119668
119847
119850
119886
119888
120095
120489
120493
120735
120738
121225
121228
121351
121420
121422
121663
121667
121993
122028
122032
122206
122209
122490
123817
123918
124433
124675
124677
125059
125064
125085
125089
125363
125367
126034
126338
126918
126921
126957
126960
127836
128039
128419
128424
128618
128827
128830
129397
129447
129451
129845
130082
130084
130261
130263
130300
130303
130503
130506
130765
130768
130872
130876
131477
131481
131632
131876
131882
131921
131926
132677
133102
133425
133763
134057
134150
134155
134273
134276
134551
134554
134582
134685
135082
135085
135116
135119
135714
135716
135903
136149
136152
137003
137006
137239
137394
137992
138346
138350
138704
140956
141160
141164
141420
141423
141533
141536
141755
141759
141920
141924
143097
143100
143387
143393
143465
143468
143935
144190
144544
144548
145364
145367
145476
145482
146315
146320
146402
146404
146405
146407
146617
146624
147542
147545
147614
147617
148212
148215
148254
148257
148295
148299
148316
148319
148473
148477
148614
148617
149247
149250
149910
150026
150027
150096
150098
150897
150924
150927
151045
151568
151570
151860
151867
152141
152198
152360
152757
152759
152809
152812
152980
152984
153107
153257
153294
153297
154015
154081
154657
154660
154710
154712
155226
155230
155789
155792
156406
156409
156661
156664
157108
157162
157557
158107
158120
158178
159567
159805
160610
160613
160972
161298
161380
161481
161484
161943
161946
161988
161990
162147
162196
162201
162203
162918
162923
163105
163751
163950
163954
164354
164510
164514
164618
164623
164627
164964
164968
165435
165542
165544
165611
165616
165926
166154
166591
166594
166704
166707
167096
167374
167749
167752
167779
167783
168007
169003
169097
169338
170277
170408
170411
170432
170554
170720
170721
170722
170826
171442
171670
172025
172734
172737
173086
173089
173129
173132
173967
174514
174582
174816
175565
175831
176153
176274
176326
176332
177225
177229
177584
177589
177819
178236
178239
178764
178767
178981
179219
179223
179642
180341
180344
181314
181320
181673
181678
182234
182666
182668
183656
183660
183662
183868
183872
184392
184941
185012
185015
185191
185194
185476
185593
185596
186236
187044
187047
188397
188401
189333
189660
189786
190845
190893
191325
191328
192031
192203
192728
192918
192958
193046
193049
193179
193198
193395
194212
194215
194548
194825
194831
195159
195777
195782
196929
196932
197311
197939
197986
197989
198630
199479
199526
199840
200256
200260
200491
200494
200712
200714
200792
200795
201744
201747
201829
203081
203634
203639
203924
203935
203939
204044
204049
204137
204172
204479
204482
204553
204897
204970
204972
205647
205818
206125
206131
206224
206260
206274
206282
206284
206285
206288
206296
206299
206895
206973
207267
207270
207461
207559
207562
207674
207678
207998
208000
208250
208757
208952
208955
209119
209124
209234
209277
209279
209637
209642
209814
209817
209892
210185
210188
210823
210826
210937
210943
211280
211286
211353
211356
211585
211590
212227
212295
212297
212379
212382
212495
213759
213763
215611
215616
215799
215802
215966
216215
216352
216357
216465
216669
216673
216966
217346
217349
217831
217836
218045
218047
218883
218889
218891
219652
219792
219815
220132
220137
220209
220470
221223
221225
221335
221610
221613
221969
222264
222266
222969
223123
223126
223441
223446
223521
223675
223779
223782
224091
224349
224835
224840
224977
224983
224991
225697
225701
226865
226868
227699
227750
228782
228963
228967
229713
229718
229895
229897
230108
230192
230300
230304
230441
230445
230867
230870
230896
230899
231154
231158
231571
231657
231660
231949
231951
232037
232283
233026
233029
233038
233040
233065
233934
233937
235916
236746
236784
236788
236967
237540
237543
238099
238191
238393
238398
238440
238477
238482
238710
238808
238811
239172
239174
239188
239311
239314
239930
240339
240342
240488
240562
240565
240566
240569
241106
241110
242983
242986
243277
243281
243639
243644
244687
245942
246068
246412
246415
246609
246612
247030
247032
247234
247977
248097
248125
248129
248182
248187
248273
250323
250326
250667
250676
250679
250878
250904
251601
251603
251826
251829
251898
251901
251958
252315
252321
254312
254315
255018
256385
256390
256532
256579
256582
256600
257987
257991
258827
258830
259054
259056
259117
259830
259833
260030
260032
260063
260066
260234
260284
260601
260604
260705
260708
260907
260911
261249
261251
261628
261632
261738
261946
262020
262024
262027
262064
262067
262247
262253
262406
263490
263574
263577
263794
263872
264244
264247
265044
265047
265330
265332
265506
265654
265897
265899
266022
266026
266027
266097
266112
266117
266234
266237
266651
266848
266851
267051
267056
267535
267538
267778
268256
268259
268340
268344
268415
268418
268476
268612
268729
268733
268787
268789
269454
269459
270061
270366
270370
271335
271340
271477
271505
271507
271635
271639
271891
271894
272021
272025
272256
272260
273659
273661
273696
273951
273954
274810
275093
276106
276153
276624
276629
277535
277727
277730
278019
278095
278099
278201
278205
278255
278279
278862
279595
279616
279743
279867
280422
280425
281285
281554
282247
282250
282805
282809
282977
282980
283425
283781
283786
284944
284946
285189
285192
285549
285555
285630
285633
285829
285831
286935
286938
286959
286962
287068
287074
287313
287317
287507
287508
288092
288364
288367
288921
288924
290886
290890
290915
291071
291804
292316
292320
292853
293368
293371
293589
293593
293671
293673
293674
293756
294410
294601
294857
294860
295062
295162
295555
295559
296425
296431
296671
296729
296732
297153
298276
298279
298425
298428
299618
299870
299874
300103
300107
301102
301105
301256
302290
302548
302553
303092
303369
303373
303575
303578
304945
305126
305191
305231
305271
305511
306012
306016
306092
306095
306441
306661
306826
306829
306998
307002
307087
307091
307708
307838
307842
308168
308171
308331
309127
309131
309162
309165
309226
309228
309257
310182
310186
311061
311108
311112
311276
311865
312310
312313
312544
313065
313067
313145
313210
313352
313923
314147
314152
314235
314238
314720
314905
315114
315339
315502
315505
315610
315614
315641
315794
316001
316004
316076
316078
316317
316362
316478
316482
316525
316705
317178
318100
318104
318185
318189
318788
318811
318815
319720
320005
320008
321742
322347
322352
322521
322524
323261
323264
323915
323919
324455
324784
325766
325768
326581
326585
326658
326661
326886
326889
326976
327221
327309
327312
327548
327687
327690
327951
327954
328004
328007
328364
328375
329383
329521
329580
329682
329793
330061
330065
330165
330247
330251
330262
330474
330682
330685
331197
331200
331760
331763
331809
331813
332801
332900
332903
334329
334332
334739
334742
334757
334760
334849
335745
335748
335792
335796
335957
336399
336406
336789
336792
337961
338289
338339
338700
338802
339391
339682
339697
339700
339702
339706
340683
341322
341327
341433
341436
342169
342568
342572
343018
343020
343026
343031
343196
343199
343254
343256
343285
343289
344456
344459
344566
344648
344651
344676
344692
344956
344959
345288
345291
345457
345462
345589
345592
345718
345722
345900
345905
345930
345933
345939
345941
346200
346205
346323
346711
346760
346765
346916
347051
347227
347231
347325
347328
347338
347395
347398
347514
347517
347598
347601
347721
347725
348684
348687
348729
348732
348980
348983
349024
349178
350091
350231
350234
350790
351418
351422
351743
351860
351870
352139
352142
352330
352652
352658
353066
353396
353556
353599
353602
353755
353787
353791
353974
354185
354187
354263
354267
354420
354551
354554
354964
354968
354998
355007
355223
355486
355705
356081
356084
356250
357158
357329
357332
357805
358022
358219
358222
358273
358276
358327
358330
358930
358933
358979
358982
360310
360313
360360
361211
361215
361222
361245
361398
361697
362354
362357
362895
362899
363226
363228
363590
363699
364280
364284
364312
365154
365207
365210
365316
365319
365397
365558
365562
365650
365875
365879
365980
365983
367042
367044
367612
367999
368293
368488
368491
368515
368517
368975
369952
369955
370197
370200
370333
370336
370867
371240
371457
371855
371859
371936
371939
372340
373137
373148
373226
373380
373457
374954
374957
375021
375107
375110
375114
375230
375233
375689
375692
375928
376478
376481
376629
376633
376844
377502
377506
378487
378490
378493
378497
379030
379033
379219
379300
379304
379327
379393
379396
379655
379659
380248
380251
381322
381455
381932
381934
382825
382828
383095
383098
383385
383390
383581
383584
383691
383694
384029
384032
384496
384500
384669
384672
385556
385559
385829
385960
385963
386212
386214
386533
386537
386662
386747
386909
386951
386981
387000
387003
387236
387241
387244
387344
388416
388419
388485
389035
389039
389078
389081
389373
389792
390059
390239
390242
390320
390323
391129
391133
391474
391478
391989
392601
392605
393100
393103
393741
394047
394593
394596
394606
394769
394842
394993
395325
395328
395977
396103
396109
396430
396437
396532
396535
397117
397120
397502
397789
397792
398710
398713
398896
398984
398985
399731
399915
399918
399986
399990
400153
400156
400647
400653
400685
400722
402220
402222
402339
402343
402381
402384
402665
403558
403632
403636
403659
404062
404066
404167
404283
404287
404343
404346
404429
404772
405061
405063
406192
406194
406215
406286
406292
406795
406799
407640
407642
408151
408502
408507
408828
408831
409096
409538
409541
409811
410058
410102
410385
410389
410419
410423
410961
410963
411101
411103
411534
411538
411856
411860
412026
412041
412044
412198
412202
412595
412597
412677
412681
412698
412940
413230
413232
413949
415137
415140
415382
415825
416469
416470
416472
417055
417545
417549
417735
417737
417899
417904
418141
418227
418232
418297
418300
418465
418468
418890
419062
419065
419451
419454
419467
419724
420569
421848
421852
421929
422126
422130
422692
422695
423010
423016
424164
424249
424252
424870
424873
425048
425051
425223
425230
425722
425727
425758
425806
425810
426106
426533
426537
426917
427611
427669
428055
428062
428066
428199
428294
428296
429776
429779
430460
430663
430743
430746
431025
431744
431747
431845
431848
432902
433387
433633
433836
433839
434009
434012
434194
434197
434652
435139
435142
435282
435860
435865
436139
436479
436482
436919
436922
438204
438565
438568
438647
438796
438979
438982
439026
439029
439310
440155
440158
441047
441484
441486
441888
441891
441971
441974
442033
442036
442119
442123
442215
442219
442573
442577
442828
443204
443376
443627
443631
443651
443655
443959
444828
446460
446662
446665
447272
447275
447759
447761
448068
448070
448471
448474
448505
448507
448553
448599
448603
448715
448904
448908
449213
449216
449223
449283
449287
449308
449311
449447
449453
449579
449582
449600
449603
450209
450211
450348
450677
450845
451164
451441
452113
452117
452154
452437
453182
453185
453320
453324
453328
453332
453740
453891
453944
454664
455286
455290
455609
455869
456581
456703
456707
457195
458294
458300
458586
458587
458673
458809
459208
459262
459265
459364
459367
459425
459429
459530
459533
459832
460375
460381
460463
460799
460802
461086
461090
461209
461212
461272
461740
461745
461749
461951
461953
462012
462627
463291
463293
463295
464042
464045
464165
464385
464388
464415
464428
464645
464649
464717
465438
466681
466684
467274
467279
468309
468313
468527
468533
468645
468649
469272
469393
470464
470610
470694
470808
471611
471615
472460
472608
472611
472700
472703
473371
473373
473450
473554
473557
474052
474055
474163
474956
475032
475052
475301
475306
475595
475598
475607
475611
476152
476206
476208
476763
477351
477353
477354
477356
477702
477706
478213
478215
478985
479218
479221
479242
479244
479282
479288
479661
480891
480894
481539
481666
482026
482031
482086
482089
482096
482205
482207
482217
482940
484172
484175
485035
485361
485407
485446
485914
485916
486259
486262
486468
487049
487053
487454
488531
488533
488686
488689
488869
488873
489187
489191
489391
489399
489430
489435
489510
489926
489930
490906
490908
490911
491190
491192
491511
491548
491553
491572
491575
491730
491733
491775
491779
492007
492010
492601
492604
493281
493776
493779
493961
494135
494432
494435
494847
495026
495031
495443
495832
495836
495856
496009
496013
496351
496457
496462
497073
497077
497654
497658
497698
497883
497889
497912
497916
498566
498570
498664
498667
498982
499128
499130
499294
499671
499674
499884
499888
499921
499926
499946
499949
500472
500592
500595
500619
500622
500693
500695
500951
500954
501242
501248
501377
501381
501408
501411
501478
501480
501549
501553
501683
501691
501738
502094
502500
502503
502581
502987
502991
503556
503560
504001
504224
504263
504373
504388
504454
504663
505009
505266
505851
506105
506759
506762
507144
507147
507444
507445
507567
508331
508859
508861
508938
508947
508988
509019
509022
509088
509181
509185
509215
509219
509810
509820
509939
509942
510022
510025
510058
510062
510551
510555
510758
510762
511969
512038
512042
512198
512201
512826
513678
513680
513681
513686
513830
513832
513971
513975
514311
514316
514318
514481
514484
515263
515483
515486
515667
516245
516299
516512
516514
517132
517136
517506
517512
517636
517650
517653
519065
519068
519613
519627
520366
520712
520892
521227
521390
521393
521666
521669
521776
521780
523205
524022
524232
524235
525129
525246
525249
525496
525969
525972
526488
526621
527291
527294
527549
527568
527572
527663
527669
527733
527737
528464
528474
528615
528618
528747
529020
529054
529060
529414
529418
529616
529858
529862
529903
530062
530105
530108
530441
530443
530865
530868
531020
531022
531162
531166
531220
531224
531274
531278
532617
532730
532733
532921
532923
533332
533760
533825
533828
534790
534794
535128
535424
535430
536160
536164
536652
536874
536877
536957
537589
537592
538406
538409
538836
538839
539022
539216
539219
540704
540706
540720
540794
540849
541196
541216
542181
542184
542315
542346
542769
542968
542972
543397
543615
544109
545806
546067
546700
546703
547158
548446
548726
548734
548740
549264
549324
549569
549574
549868
549871
549949
549954
550039
550042
550320
550324
551558
551934
551936
552852
552855
553030
554428
554432
555308
555309
555313
555507
555509
555538
555541
555646
555649
555717
555947
557019
557021
557538
557626
557630
558028
558363
559216
560115
560214
560227
560230
560248
560407
560479
560482
560500
561385
561438
561446
561452
561608
561611
561995
561998
562429
562515
562517
562749
562813
562817
563115
563303
563306
563463
563590
563592
564231
564750
564887
565341
565344
565378
565414
565421
565505
565509
566260
566263
567355
567390
567612
568152
568384
568855
568858
569144
569147
569259
569262
570620
570650
571043
571046
571999
572001
572068
572073
572980
572983
573148
573153
573192
573390
573392
574035
574038
574073
574322
574952
574956
575215
576513
576520
576536
577018
577020
577196
577283
577285
577526
578021
578027
578387
578391
578986
579427
580250
580254
580585
580589
580978
580981
581333
581628
582199
582598
582602
583164
583167
583295
583297
584093
584377
584380
584468
584544
584548
584606
585484
585486
585846
585849
586428
586880
586883
586884
586888
587040
587043
587564
588004
588253
588462
588535
588538
588763
588766
588806
588808
589043
589046
589078
589082
589390
589394
589763
589765
589946
590024
590696
590699
590798
590806
590952
591202
591402
591405
591939
591941
592063
592065
592471
592681
592684
593741
594087
594258
594502
594550
594788
594791
595232
595235
595309
595314
595524
595527
596287
596294
596493
596497
596521
596632
596637
596800
596804
597085
597262
597287
597290
597481
597484
597764
599317
599580
599941
599944
600088
600093
600181
600184
600339
600343
601123
601128
601194
601332
601671
601797
601800
602072
602074
602255
602557
602714
602716
602787
602791
603377
603380
604006
604009
604171
604175
605015
606041
606140
606249
606254
606465
606469
606502
606504
606716
606876
607057
607363
607664
607688
607722
607726
607766
607769
607893
607900
608503
608775
608781
608785
609215
609218
609300
609431
609434
609441
609468
609471
609648
609651
609695
609698
609706
609708
610046
610051
610172
610616
611028
611030
611108
611113
611159
611161
611189
611192
611905
611909
612080
612199
612205
612260
612263
612452
612455
612899
612902
613362
613613
613617
613655
613800
613804
613945
613951
614256
615595
615598
615756
615761
616078
616081
616295
616819
616822
617055
618796
619333
619336
620865
620869
621005
621009
621561
621574
621578
621863
621866
621867
621872
622014
622018
622264
622266
622328
622331
623132
623476
623478
623524
624318
624382
624385
624576
625233
626199
626202
626606
626609
626764
626767
626838
627801
627806
627836
627951
628199
628573
628576
628650
628655
628807
629253
629257
629385
629388
629854
629859
630147
630151
630275
630278
630306
630521
630524
630530
630531
630810
630871
630874
630936
630939
631417
631422
631432
631436
631815
632272
632275
632515
633518
633522
634338
634341
634465
634468
635357
635486
635490
635857
635861
635881
636935
636940
637116
637119
637286
637289
637409
637413
637867
637871
637904
637908
638003
638009
638037
638737
638739
638869
638872
638876
638880
639307
639310
639835
639839
639903
639905
639927
640538
640728
640733
641472
641475
641503
641936
642037
642040
642622
642948
642950
643078
643081
644101
644377
644672
644712
645581
645588
645862
645949
645953
646021
646111
646305
646577
646581
646762
646766
646959
648035
648037
648560
648564
648704
648708
649892
649895
649896
649900
652004
652009
652219
652222
652224
652631
653343
653346
653771
653787
653791
653842
653845
654112
654117
654247
654553
654556
655525
655801
656070
656075
657060
657109
657111
657164
657176
657543
657548
657616
657620
657639
659016
659017
659140
659143
660099
660102
660459
661740
661840
663385
663809
663813
663861
664040
664043
664051
664443
664447
664713
664716
664774
665444
665448
665591
665594
666520
666524
666631
666634
666798
667461
667469
667994
667996
668059
668120
668123
668156
668262
668267
668511
668570
668574
668585
668587
669117
669120
669705
669709
670445
670448
670996
670998
671256
671259
671356
671363
671707
671963
672038
672040
674009
674013
674408
674415
674578
675389
675393
676541
676544
676977
676992
676995
677539
677842
677991
678186
678534
678536
678795
678799
679714
679814
680272
680276
680330
680334
680696
680701
680770
680918
681291
681294
681673
681676
682564
682569
682619
683128
683130
683415
683633
683991
684424
686461
686464
686982
686985
687732
687736
687760
688155
689052
689054
689253
689580
689853
689856
690204
690209
690224
690227
690790
690907
690910
691029
691050
691265
691271
691617
691863
691866
691913
692114
692118
692194
692199
692346
693148
693563
693583
694188
694192
695364
695369
695387
695685
695927
696021
696189
696828
696831
697658
697663
698773
698944
699124
699128
699160
699165
700123
700879
701823
701938
702276
702279
702315
702319
702329
702332
702374
702377
702422
702424
703263
703305
703307
703308
704966
704975
705177
705181
705199
706807
706810
706979
706982
707012
707207
707507
708425
708427
708653
708936
708938
710606
710612
711664
711947
711970
711976
711990
711993
712031
712035
712710
713813
713815
714082
714085
714182
714984
714986
714993
714997
715380
715383
715701
716497
717515
718292
718296
718920
719358
719361
719459
719463
719677
719702
719705
719976
720318
720686
720690
721542
721546
721647
721770
722403
722406
722670
722813
723092
723592
723595
724054
724590
724593
724727
724733
724937
725733
725735
726041
726177
726215
726217
726838
726841
726931
726934
727233
727507
727612
727615
727632
727635
728213
728610
729294
729297
729770
730185
730189
730606
730662
730717
730725
730767
730772
730860
730895
730923
730926
732549
732903
733285
733362
733367
733590
733592
734088
734090
734743
734747
735666
735755
735758
736122
736124
736194
736315
736579
736582
737260
737473
738045
738507
738527
738783
738789
738942
739497
739579
739584
739786
739791
739829
739831
740077
740082
740157
740162
740267
740271
740369
740373
741071
741137
741140
741174
741372
741499
741501
741661
741676
741680
742013
742188
743229
743686
743750
743753
743821
744174
744271
744389
745014
745905
746068
746447
746555
746558
746621
746625
746643
746878
746881
746913
746919
747666
747784
749149
749167
749171
749829
749834
749925
750214
750216
750217
750219
751863
752215
752238
752526
752539
752542
752771
753081
753084
753193
753245
753249
753365
753370
753550
753555
754778
754850
755167
755171
755320
755324
755397
755399
755511
755541
755959
755963
756704
756707
756785
756788
757171
757217
757657
758106
758111
758947
759022
759358
759361
759381
759946
759949
759966
760253
760726
760900
760903
761762
761763
761982
761985
762437
762439
762714
762717
763203
763323
763326
764000
764004
764493
764498
764598
764602
764971
764975
765170
765173
765511
765513
765750
765754
766232
766235
766297
766300
766563
766567
766666
767193
767197
767248
767382
767653
767657
767746
767964
767966
768107
768480
768673
768678
768930
769778
769781
770523
770583
770608
770611
771866
772155
772158
772308
772559
772673
773122
773126
773363
773436
773439
773473
774150
774418
774421
774870
774873
774942
774945
775038
775109
775182
775755
775759
775888
776367
776369
776598
776601
776825
777217
777221
777707
777709
777828
777831
777840
778195
778198
778414
778557
778763
778787
778791
778890
778893
778909
779959
780376
780487
781495
781897
781899
782316
782847
782979
782982
783084
783088
783239
783243
784801
784804
785187
785446
785448
786049
787503
787546
787550
787716
787722
787762
787812
787903
788079
788082
788120
788261
788265
788423
789429
789763
789766
789948
789951
790203
790205
790472
791269
791619
791622
792296
794178
794182
794671
794675
794717
795302
795305
795560
795563
796283
796812
796816
796926
796929
797753
797756
798965
798968
799123
799124
799623
799627
800130
800133
800882
800917
801374
801378
802457
802460
803299
803507
803572
803576
803713
803882
804690
804694
804842
804846
805407
805434
805588
807013
807016
807288
807841
807844
808079
808294
808296
808773
808843
808847
809251
809255
810345
810349
810771
811296
811297
811465
811683
811821
811824
812703
812705
812782
812786
812890
812894
812918
812973
812978
813006
813009
813356
813359
813663
813666
814030
814033
814128
814132
814898
815417
815941
815944
816009
816011
816012
816014
816049
816052
816237
816977
816980
817129
817132
817239
817434
817478
817481
817573
817577
817925
818152
818760
819293
819354
819357
820030
820530
820658
820662
820870
821281
821285
821647
821650
821771
821777
822428
822528
823399
824383
824387
824690
824694
825720
825724
826264
826267
826534
826539
826606
826610
827430
827493
827985
827988
828171
828175
828306
828861
829183
829366
829450
829453
829943
829946
830291
830294
830362
830512
830516
830531
830533
830618
830621
830650
830655
831390
831528
831883
831886
832420
832786
833230
833234
833940
833943
833998
834069
834650
834773
835034
835279
835281
835298
835588
835591
835641
835644
835826
836111
836247
836556
836559
836815
836820
837355
837413
837474
837476
837477
837480
837689
837690
837692
838081
838084
838146
838491
838494
839496
839499
840116
840119
840479
840484
841190
841287
841290
841712
841715
841985
842051
842279
842651
842656
842770
842773
843509
843513
843661
843664
843852
844010
844026
844034
844122
844131
844174
844422
844481
845221
845395
845398
846051
846053
846632
846635
847154
848052
848056
848101
848154
848370
848456
848461
849148
849151
850293
850296
850578
850581
851495
851498
851602
851937
851941
852283
852287
852560
852562
852691
853243
853246
853548
853551
853552
854250
855003
855006
855327
855331
855755
857156
857161
857381
857384
857690
857884
858277
858280
859787
860190
860194
860204
860248
860251
860578
860580
861015
861019
861511
861515
861880
863047
863488
863491
863746
863772
863850
863854
863858
864155
864160
864372
864630
864838
865133
865135
865306
865439
865697
865849
865851
865916
865930
866294
866345
866383
866519
866523
866967
866970
867939
867945
868458
868553
869067
869070
869130
869134
869313
869317
870124
870128
870804
870808
871294
871702
871705
871826
872010
872029
872534
872536
872941
873360
873363
873498
873523
873776
873837
873840
873978
873982
873999
875280
875486
875489
875685
875899
875904
877045
877049
877090
877501
877504
877576
877579
877677
878212
878215
878555
878559
878635
878638
878695
878698
879164
879628
879631
879707
879710
879893
879898
879934
879937
879955
879959
880015
880018
880221
880227
880463
880493
880497
881867
881869
883402
883516
883520
883900
883903
885052
885058
885674
885677
885983
886990
887068
887071
887192
887246
887375
887378
887480
887484
887684
887688
887697
887700
887841
888547
888787
889146
889149
889219
889225
889713
889716
890099
890314
890319
890599
890795
891027
891030
891175
891591
891596
891750
891751
891754
893259
893262
893932
894483
894485
894692
894706
894710
895016
895019
895055
895060
895269
895315
895317
895335
895382
895386
895630
895657
895791
895928
895934
896160
896368
896370
896766
896828
896831
897174
897636
897643
897692
898055
898405
898408
898479
898483
899925
899929
899968
900484
900697
900700
900887
900890
901197
901201
901375
901723
901828
901832
901891
902483
902577
902581
902914
902918
903224
903227
903784
903950
904600
904603
904821
904824
905141
905145
905168
905182
905185
905604
905608
906044
906047
906111
906114
906179
906191
906196
906277
906410
906415
906552
906926
906968
906971
907032
907035
907228
907706
908393
908397
908778
908782
909084
909088
909568
909571
909732
909743
909807
910374
910378
910419
911090
911094
911171
911212
911214
911610
911693
912068
912071
913742
914015
914019
914094
914097
914370
914460
915585
915590
916715
916718
917222
917226
917581
917585
917677
918075
918077
918342
918894
918897
919094
919097
919377
920562
920690
920801
920805
920835
920838
921673
921723
921726
922531
922993
923057
923061
923081
923272
923276
923400
924251
924685
924691
924796
924799
925314
925316
925370
925537
925541
926107
926111
926685
926689
926828
926895
926899
927359
927362
927642
927838
927842
927958
927997
928678
928684
929342
929883
929886
930219
930223
930339
930726
930967
931086
931089
931263
931401
931793
931969
932348
932425
932883
932884
932930
933991
933995
934071
934465
934467
934536
934540
934642
934646
934875
934878
935293
935296
935445
935449
935652
935656
935672
935788
935791
935885
935888
937215
937227
937231
938142
938294
938297
938347
938351
938497
938704
938707
938728
938901
939122
939125
939478
939481
939845
939859
939862
940524
940547
941368
941369
941907
941910
942465
942468
942599
942601
942889
943272
943275
943333
943336
943493
943496
943641
944079
944082
944518
944659
944888
945319
945321
945345
945347
945352
945920
947183
947187
947289
947860
947864
948526
948531
948608
948611
948642
949081
949084
949171
949174
949340
949660
950740
951057
951060
951157
951160
951418
951423
951723
951724
951726
951734
951836
951885
952129
952134
952484
952487
952626
952630
953433
953486
953584
953588
953644
953647
954162
954568
954572
954573
955104
955108
955109
955111
955205
955209
955377
955382
955579
955603
955692
955696
956066
956068
956103
956161
956166
956203
956292
956296
956457
956459
956578
956583
956612
956618
956713
956717
956953
957072
957382
957386
957389
957597
957706
957709
957891
958281
958282
959268
959275
959280
959872
959875
959917
959920
960076
960080
961035
961038
961147
961151
961492
961495
961510
962058
962524
962528
963051
963054
963194
963198
963349
963355
963464
963468
964212
964359
964361
964362
964906
964911
965355
965708
966074
966077
966637
966641
966646
966649
966868
966873
967125
967483
967675
967677
967984
968274
968276
968660
969305
969310
969337
969530
969533
969609
969787
970179
970182
970446
971516
971519
971875
971878
972067
972291
972534
972538
972831
972914
972917
973281
973602
973605
973910
974696
974699
974884
974890
975582
975585
976215
976217
976461
976465
976589
976840
976845
978046
978050
978245
978561
978564
979247
979250
979523
979526
979572
979574
979625
979852
980240
980243
980700
980790
981591
981730
981733
981762
981767
982426
982489
982491
982722
982725
983761
983765
983842
984634
984808
985017
985020
985301
985306
985962
985966
986633
986667
986670
986766
986770
986818
986821
987073
987114
987118
987137
987140
987270
987272
987643
987650
987717
987720
987952
988369
988372
988497
988500
988940
989020
989831
989834
990333
991079
991089
991092
991126
991130
991176
991181
991644
991648
991727
991938
992072
992074
992974
993487
994363
994366
994487
994588
994977
994979
995178
995185
995189
995658
995706
995709
996106
996109
996141
996172
996176
996207
996288
997412
997849
997852
998042
998045
998912
998915
999388
999398
999400
1000448
1000582
1000585
1000719
1000722
1001365
1001367
1001467
1001470
1001615
1001815
1001843
1001846
1001884
1001888
1002091
1002296
1002300
1002561
1002564
1002860
1003370
1003676
1003679
1003780
1003782
1003878
1003882
1003972
1003977
1003997
1004000
1004192
1004196
1004472
1004505
1004509
1004518
1004522
1004690
1005096
1005099
1005566
1005570
1005580
1005583
1005615
1005872
1005876
1006009
1006012
1006221
1006224
1006665
1006668
1006701
1006943
1006948
1007026
1007029
1007043
1007045
1007067
1007889
1007971
1008125
1008133
1008136
1008232
1008235
1008348
1008351
1008463
1008712
1008714
1008820
1008825
1008892
1009172
1009278
1009309
1009364
1009564
1009567
1009688
1009689
1010016
1010034
1010037
1010044
1010124
1010540
1010543
1010674
1010678
1010953
1011225
1011348
1011351
1011378
1011382
1011596
1011866
1011990
1011995
1012190
1012277
1012280
1012749
1012753
1013140
1013144
1013307
1013311
1013569
1014236
1014239
1014274
1014368
1014371
1014562
1014692
1014697
1014759
1014762
1014791
1014794
1014831
1014835
1017849
1017852
1017984
1018007
1018103
1018107
1018802
1018805
1020088
1020550
1020554
1020918
1020921
1021301
1021372
1021375
1021785
1022549
1022773
1023551
1023556
1023597
1023601
1024059
1024061
1024125
1024128
1024269
1024273
1024309
1024311
1024440
1024443
1024813
1024816
1024859
1024948
1024950
1025062
1025066
1025367
1025369
1025905
1025908
1026117
1026122
1026242
1026607
1026626
1026632
1028413
1028462
1028465
1028641
1028644
1028746
1028749
1029388
1029508
1029594
1029600
1030266
1030268
1031034
1031089
1031092
1031185
1031490
1031577
1032253
1032257
1032350
1032352
1032845
1032865
1032868
1032947
1032951
1033391
1033451
1033521
1033611
1033613
1033767
1033782
1033784
1034397
1034728
1034731
1034755
1034796
1035302
1035304
1035758
1035760
1035905
1035911
1036410
1036413
1036863
1036866
1037105
1037107
1037422
1037424
1037484
1037545
1038142
1038396
1039364
1039481
1039485
1039854
1040592
1040596
1041200
1041203
1041276
1041279
1041369
1041850
1041940
1041943
1042140
1042162
1042167
1042273
1042291
1042328
1042332
1042741
1042745
1042944
1042946
1045139
1045141
1045516
1045520
1045664
1045667
1045940
1045943
1046369
1046713
1046717
1046837
1046840
1046985
1047013
1047018
1047090
1047311
1047315
1047721
1047724
1047726
1048345
1048577
1049050
1049054
1049554
1049557
1049820
1049824
1049885
1049890
1050100
1050103
1050189
1050205
1050648
1050997
1051000
1051124
1051128
1052533
1052810
1052813
1053167
1053170
1053734
1053737
1054019
1054020
1054093
1054117
1054126
1054324
1054327
1054428
1054431
1054629
1054632
1054803
1054806
1055323
1055332
1055867
1055869
1055931
1055936
1056047
1056164
1056166
1056424
1056671
1056941
1057034
1057037
1057435
1057439
1057688
1057690
1057751
1058200
1058203
1058422
1058425
1058709
1058712
1058845
1058885
1058889
1060156
1060160
1060404
1060408
1060833
1061400
1061402
1061674
1061996
1062057
1062062
1062708
1062710
1062854
1062875
1062878
1063138
1063142
1063155
1063286
1063689
1063691
1063712
1063965
1063971
1064421
1065486
1065731
1066233
1067002
1067834
1067839
1068982
1069279
1069829
1070856
1070860
1070949
1071536
1071911
1072412
1072414
1072609
1072614
1072688
1073865
1073868
1074077
1074764
1075172
1075176
1076257
1076261
1077078
1078101
1078577
1079179
1079525
1079528
1079570
1079575
1079749
1080060
1080313
1081515
1081518
1081634
1081734
1081875
1081877
1082491
1082494
1082581
1082583
1082963
1082967
1083272
1083594
1083597
1083868
1083901
1083905
1083941
1083944
1084239
1084243
1084329
1084334
1085061
1085065
1085817
1085820
1085844
1085846
1086033
1086036
1086326
1086467
1086615
1086619
1087211
1088001
1088006
1088824
1088826
1089010
1089012
1089100
1089103
1089161
1089846
1089849
1089935
1090006
1090012
1090991
1090994
1091019
1091125
1091132
1091340
1091344
1091403
1091591
1092604
1093020
1093022
1093301
1093305
1093617
1093736
1093738
1094632
1094667
1094800
1094804
1095019
1095024
1095213
1095215
1096130
1096268
1096271
1097194
1097197
1097706
1097709
1098124
1098127
1098234
1098237
1099649
1099654
1099871
1099874
1099891
1099894
1099964
1099969
1100236
1100238
1100266
1100272
1100507
1100511
1100655
1100862
1100866
1101043
1101048
1101342
1101346
1101417
1101422
1101755
1102418
1102421
1102585
1102589
1102613
1102616
1102905
1102908
1103021
1103024
1103186
1103303
1103724
1103728
1104142
1104145
1104179
1104182
1104357
1104360
1104421
1104425
1104530
1104534
1104771
1104774
1105392
1105397
1105519
1105523
1105847
1105849
1105876
1106081
1106086
1106099
1106102
1106500
1106504
1106709
1106711
1106883
1106887
1106968
1106971
1107371
1107619
1107621
1107793
1107797
1108160
1108163
1108880
1108883
1108970
1109492
1110021
1110024
1110885
1110887
1110889
1111055
1111059
1111758
1111843
1111913
1111915
1113290
1114183
1114412
1114474
1114477
1115055
1115060
1115368
1115374
1115725
1115729
1115973
1115978
1116221
1116226
1116547
1116581
1116584
1116684
1116688
1117085
1118422
1118468
1118473
1118485
1118488
1118818
1118821
1119097
1119800
1120041
1120044
1120101
1120104
1120258
1120261
1121108
1121111
1121894
1121899
1122093
1122692
1122697
1122994
1122999
1123268
1123271
1123405
1123408
1123608
1124216
1124458
1124462
1125036
1125039
1125125
1125222
1125226
1125254
1125960
1126079
1126083
1126511
1126514
1126888
1126891
1126956
1126959
1127005
1127008
1127084
1127088
1127323
1127457
1127460
1127945
1128770
1128934
1128937
1129622
1129628
1129822
1129826
1130173
1130176
1130475
1130910
1130913
1131033
1131228
1131271
1131276
1131600
1131603
1131776
1131779
1131834
1131839
1132082
1132086
1132138
1132142
1132528
1132726
1132730
1132802
1132874
1132878
1132929
1133892
1134058
1134064
1134170
1134174
1134420
1134703
1134706
1135109
1135131
1135240
1135479
1135708
1136630
1136724
1136964
1136967
1136972
1136997
1137000
1137087
1137094
1137316
1137318
1137509
1137514
1137648
1137650
1137839
1137842
1138090
1138094
1139011
1139013
1139338
1139358
1140350
1140353
1140398
1140400
1140855
1140859
1140905
1140936
1141396
1141552
1141745
1141748
1142128
1142131
1142611
1142724
1142727
1142863
1143332
1143335
1143402
1143406
1143549
1143552
1143857
1144884
1144886
1145197
1145204
1145572
1145578
1145675
1145677
1145760
1145981
1145985
1146338
1146342
1146793
1146798
1147754
1147757
1147788
1147790
1148042
1148183
1149554
1149558
1150607
1150610
1150684
1150778
1151522
1152088
1152091
1152264
1152269
1152765
1153010
1153013
1153044
1153483
1153633
1153636
1153661
1154718
1154867
1154872
1154881
1154883
1154936
1154938
1155242
1155341
1155344
1155384
1155387
1155555
1155558
1155960
1156133
1156137
1157091
1157095
1157776
1157779
1157784
1157786
1158124
1158126
1158201
1158749
1158752
1158978
1159040
1159216
1159221
1159266
1159528
1159532
1159826
1159830
1160407
1160675
1160758
1160762
1160830
1160833
1160850
1160854
1161143
1161145
1161768
1161772
1162497
1162500
1162906
1162909
1163018
1163021
1163151
1163184
1163188
1163532
1164068
1164071
1164376
1164898
1165644
1165646
1166246
1166333
1166337
1166463
1166976
1167442
1167444
1167787
1168258
1168719
1168722
1169226
1169296
1169300
1169517
1169520
1169527
1169680
1170464
1170467
1170617
1170621
1170750
1170771
1170775
1170947
1171312
1171590
1171594
1171606
1171610
1171812
1172118
1172338
1172341
1172587
1172589
1172927
1172931
1173087
1173090
1173140
1173172
1173272
1173275
1173433
1173645
1173648
1173736
1173740
1173793
1174278
1174299
1174541
1175102
1175553
1175557
1175755
1175760
1175839
1176234
1176236
1176334
1176793
1176796
1176960
1177320
1177598
1177707
1178491
1178495
1178676
1178679
1178734
1178737
1178989
1178993
1179371
1179374
1179773
1179775
1179817
1179819
1180047
1180582
1180646
1180905
1180998
1181018
1181650
1181946
1181949
1182112
1182242
1182245
1182566
1182570
1182643
1182646
1183257
1183260
1183384
1183387
1183517
1183520
1183597
1183601
1184752
1184755
1184825
1184840
1185133
1185136
1185373
1185377
1185729
1186607
1186731
1186796
1186830
1186834
1187017
1187021
1187635
1187641
1187706
1187913
1187951
1187954
1188404
1188699
1188703
1189063
1190254
1190595
1190599
1191139
1191142
1191254
1191257
1191472
1191475
1191557
1191560
1191984
1193226
1193229
1193233
1193237
1193331
1193335
1193384
1193389
1194080
1194084
1194258
1194262
1194671
1195207
1195209
1195515
1195517
1195723
1195726
1195840
1195842
1196189
1196218
1196284
1196288
1196336
1196601
1196749
1196753
1196841
1196843
1197118
1197124
1197351
1197461
1197470
1197619
1197624
1197864
1197869
1198321
1198327
1198372
1198762
1198765
1199087
1199962
1200041
1200217
1200221
1200675
1200679
1201831
1201835
1201854
1202937
1202941
1203495
1203498
1203711
1203715
1204213
1204716
1204720
1204921
1205367
1205457
1205460
1205486
1205490
1205524
1205800
1206077
1206080
1207095
1207098
1207100
1207398
1207478
1207482
1208106
1208110
1208392
1208401
1208405
1208422
1208671
1209030
1209032
1209367
1209508
1209527
1209533
1209537
1209622
1209654
1209856
1209860
1210091
1210095
1210339
1210345
1210407
1210654
1210761
1210764
1210787
1211218
1211221
1211424
1211445
1211712
1211822
1211825
1211869
1212071
1212248
1212460
1212469
1212555
1212558
1214163
1214166
1214283
1214286
1214608
1214612
1215183
1215671
1215835
1216869
1216873
1216906
1216909
1217250
1217428
1218231
1218234
1219089
1219091
1219331
1219332
1219336
1219457
1219725
1219982
1219985
1220807
1220947
1221031
1221258
1221262
1221870
1222323
1222454
1222458
1222554
1222936
1222939
1222946
1222951
1223020
1223023
1223512
1223601
1223607
1223907
1223910
1224435
1224439
1224493
1224495
1224755
1224812
1224814
1225154
1225202
1225207
1226288
1226360
1226421
1226662
1226897
1226900
1227009
1227493
1228441
1228445
1228545
1228738
1228741
1230301
1230304
1230306
1230310
1230404
1230406
1230881
1230983
1231110
1231168
1231880
1232092
1232425
1232588
1232622
1232673
1232678
1234523
1235125
1235129
1235262
1235414
1235419
1235980
1236003
1236011
1236159
1236164
1236532
1236536
1236540
1236543
1236821
1236825
1237128
1237131
1237154
1237171
1237174
1237722
1237974
1238711
1238712
1238837
1238840
1238886
1239205
1239279
1239349
1239414
1239419
1239534
1239538
1239676
1239679
1239943
1241409
1241414
1242202
1242256
1242260
1242452
1242712
1242715
1242753
1242756
1242820
1242823
1243105
1243109
1243434
1243645
1243717
1244264
1244268
1244400
1244403
1244497
1244500
1245246
1245250
1245610
1245750
1246031
1246037
1246326
1246487
1246544
1246550
1246695
1246698
1246825
1246828
1247053
1247105
1247108
1247158
1247325
1247331
1247683
1247776
1247887
1247890
1248158
1248161
1248188
1248193
1248201
1248205
1248228
1248231
1248487
1248686
1248690
1248854
1248858
1248912
1248915
1249033
1249037
1249089
1249091
1249110
1249112
1249358
1249484
1249640
1249796
1250126
1250128
1250150
1250153
1250189
1250193
1250572
1250575
1251088
1251093
1251224
1251338
1251339
1252234
1252550
1252553
1252713
1252717
1253195
1253270
1253273
1253383
1253387
1254344
1254537
1254540
1254543
1254689
1254693
1255091
1255093
1255950
1256358
1256362
1257187
1257190
1257508
1257511
1257608
1257613
1257925
1257930
1257993
1257999
1258119
1258183
1258187
1259141
1259143
1259392
1259396
1259473
1259476
1259802
1259806
1259893
1259896
1260327
1260329
1260670
1260674
1260945
1260952
1260955
1261466
1261469
1261484
1261491
1261693
1262013
1262036
1262039
1262098
1262100
1262294
1262296
1262459
1262463
1262523
1262525
1263029
1263032
1263175
1263178
1263547
1263551
1263635
1263640
1263650
1263800
1263803
1264013
1264132
1264135
1264143
1264238
1264684
1264689
1264810
1264813
1265314
1265400
1265403
1265575
1265579
1265701
1266027
1266032
1266037
1266039
1266298
1266750
1266753
1266787
1266790
1266815
1266832
1266835
1266856
1267227
1267230
1268080
1268134
1268242
1268323
1268325
1268326
1268637
1269019
1269023
1269131
1269134
1269286
1269812
1269816
1270393
1270890
1270948
1271369
1271755
1272772
1272775
1273032
1273035
1273728
1273733
1273736
1274065
1274640
1274644
1274908
1275251
1275256
1275355
1275358
1275539
1275542
1275596
1275642
1276465
1276472
1276967
1277035
1277036
1277078
1277277
1277280
1277343
1277558
1277561
1277979
1277983
1278470
1279072
1279076
1279575
1279578
1279630
1279633
1279705
1279989
1279993
1280098
1280101
1280135
1280280
1280283
1280581
1280584
1280793
1281079
1281082
1282015
1282017
1282549
1282552
1282584
1282680
1282736
1283029
1283033
1283201
1283227
1283230
1283908
1284454
1284457
1284686
1284690
1284998
1285171
1285175
1285358
1285442
1286452
1286455
1286770
1286775
1287666
1287669
1287735
1288223
1288409
1288413
1288495
1288498
1288506
1288641
1288644
1288653
1288656
1288931
1289236
1289240
1289271
1289274
1289307
1289522
1289525
1290927
1291142
1291144
1292008
1292959
1292962
1293581
1293585
1293589
1293591
1293992
1293995
1294569
1294793
1294798
1294825
1294827
1295022
1295025
1295520
1295523
1295568
1295572
1295601
1295604
1296092
1296096
1296443
1296444
1297794
1297796
1297831
1298055
1298340
1298345
1299937
1299942
1300196
1300199
1300563
1300631
1300633
1300798
1300843
1300846
1301714
1302133
1302406
1302989
1302993
1303228
1303231
1303663
1303666
1303685
1303726
1303729
1304015
1304018
1304088
1304092
1304160
1304165
1304290
1304293
1304766
1304772
1304937
1305301
1305307
1305748
1305839
1305842
1306855
1306984
1306986
1307012
1307907
1307911
1308053
1308058
1308123
1308456
1308856
1308859
1309298
1309301
1309420
1309564
1309616
1309662
1309666
1309816
1309820
1310059
1310063
1310553
1310555
1310920
1310925
1311336
1311430
1311433
1311776
1312177
1312180
1312189
1312194
1312388
1312391
1312841
1312845
1313011
1313015
1313510
1313525
1313528
1313920
1314238
1314241
1314708
1314711
1314932
1315062
1315561
1316059
1316063
1316712
1317292
1317339
1317342
1320371
1320374
1320955
1321054
1321057
1321190
1321192
1321658
1322244
1322518
1322521
1323426
1323429
1323737
1323740
1324299
1324303
1324399
1324401
1324867
1325061
1325267
1325277
1325280
1326279
1326281
1326330
1326334
1326980
1326983
1327009
1327121
1327125
1327204
1327207
1327421
1327424
1327688
1327789
1328995
1329473
1329553
1329640
1329644
1329759
1329763
1329959
1329977
1329980
1330022
1330027
1330653
1330656
1331064
1331067
1331280
1331284
1331546
1331750
1331753
1331890
1332266
1332344
1332927
1332930
1333263
1333265
1333877
1333880
1334025
1334356
1334359
1334399
1334651
1334654
1334772
1334776
1335000
1335664
1335667
1336174
1336176
1336260
1336263
1337965
1338579
1338581
1338774
1339014
1339017
1339802
1339806
1339839
1339844
1339864
1340409
1340411
1340936
1340940
1341479
1341482
1343734
1344167
1344168
1344454
1344461
1344544
1344547
1344631
1344634
1345019
1345266
1345270
1345587
1345590
1345705
1345719
1345725
1346568
1346571
1347458
1347464
1348191
1348231
1348234
1349303
1350004
1351044
1351500
1351777
1351841
1351844
1351890
1351899
1352013
1352015
1352116
1352120
1352220
1352223
1352357
1354161
1354450
1354487
1354493
1354501
1354813
1354816
1355308
1355516
1355585
1355588
1355707
1355721
1356278
1356281
1356372
1356375
1356512
1356515
1356917
1357376
1357406
1357412
1357447
1357917
1357921
1358169
1358172
1358598
1359450
1359455
1359746
1359750
1359886
1359890
1360020
1360302
1360467
1360470
1360908
1360910
1361072
1361122
1361125
1361206
1361208
1361684
1361869
1361873
1361930
1361936
1362151
1362157
1362631
1362634
1363162
1363165
1363192
1363195
1363607
1363827
1363885
1364568
1365014
1365449
1365503
1365506
1366344
1366417
1366421
1366913
1367527
1367552
1368557
1368932
1370437
1370442
1371410
1371684
1371971
1371975
1372015
1372021
1372456
1372462
1372651
1373442
1373447
1373545
1373550
1375321
1375615
1375619
1375737
1375740
1375855
1376923
1377596
1378014
1378702
1378707
1378786
1378789
1378951
1379118
1379121
1379487
1379490
1379682
1380414
1380423
1380426
1380444
1380553
1380556
1380712
1380715
1380827
1381106
1381115
1381118
1382387
1382389
1382390
1382499
1382808
1383025
1383253
1383257
1383521
1383594
1383599
1383929
1383933
1384738
1384904
1384905
1385404
1385407
1385684
1385687
1385851
1386227
1386233
1386547
1386586
1386589
1386835
1386840
1387556
1387800
1387858
1388080
1388903
1388992
1388995
1389718
1390624
1390919
1391312
1391317
1391419
1391421
1392135
1392138
1392241
1392245
1392494
1393111
1393283
1393443
1393446
1393455
1394270
1394273
1394482
1394484
1395224
1395228
1395317
1395496
1395498
1395950
1396132
1396135
1396701
1396704
1397093
1397096
1397526
1397529
1397895
1397988
1397991
1398407
1398411
1399170
1399173
1399225
1399229
1399419
1399422
1399428
1399434
1399449
1399453
1399701
1399705
1399969
1400392
1401136
1401264
1401294
1401298
1402117
1402120
1402164
1402166
1402527
1402531
1403040
1403581
1403584
1403596
1403960
1404149
1404153
1404352
1404355
1404472
1404476
1404607
1404609
1405092
1405094
1405099
1405108
1405120
1405124
1405701
1406695
1406700
1406821
1406826
1407664
1407667
1408047
1408049
1408282
1408367
1408370
1408463
1408467
1408559
1408561
1408864
1409210
1409214
1410265
1410452
1410465
1411003
1411006
1411145
1411196
1411199
1411533
1412011
1412013
1412145
1412148
1412166
1412692
1412696
1413870
1413875
1414002
1414208
1414212
1414511
1414514
1414515
1414517
1415314
1415414
1417924
1417927
1417987
1417990
1418002
1418006
1418326
1418330
1418480
1418483
1419115
1419117
1419819
1419821
1419831
1419834
1420158
1420283
1420286
1420610
1421530
1422598
1422602
1422708
1422711
1423704
1423811
1424982
1424985
1425460
1425465
1425649
1425747
1425750
1425853
1425968
1426071
1426074
1426422
1426426
1426580
1426583
1426769
1426773
1426800
1426804
1427154
1428671
1428745
1429075
1429078
1430624
1431480
1431882
1431884
1431957
1431960
1432283
1432287
1432416
1432528
1432533
1432915
1433032
1433036
1433059
1433062
1433317
1433323
1433512
1433679
1433682
1434196
1434199
1434359
1434362
1434548
1435374
1435381
1435791
1436613
1436632
1436636
1436829
1437744
1438344
1438348
1438546
1438624
1438627
1439373
1439376
1440087
1440213
1440218
1442984
1442987
1443505
1443509
1443514
1443518
1444981
1444987
1445306
1445310
1445719
1446393
1446397
1446528
1446561
1447399
1447456
1447652
1447658
1447784
1448082
1448085
1448435
1448782
1448789
1448933
1448937
1449070
1449103
1449105
1449220
1449607
1449611
1449656
1449659
1449781
1449785
1450177
1450180
1450504
1451329
1452251
1452254
1452465
1452503
1452848
1452852
1453101
1453105
1453154
1453157
1453175
1453212
1453214
1453473
1453474
1454783
1454785
1455679
1455683
1455944
1455947
1456385
1456389
1456536
1456540
1456790
1456793
1457023
1457212
1457390
1457408
1457657
1457660
1458684
1458687
1458789
1458791
1459154
1459280
1459666
1459670
1459894
1459897
1460101
1460425
1460448
1460451
1460683
1460685
1460902
1460905
1460993
1461000
1461660
1461664
1461841
1461844
1461892
1461899
1462424
1462427
1462574
1463284
1464974
1465477
1465585
1465588
1466572
1466576
1467426
1467473
1467593
1467604
1467747
1468051
1468447
1468452
1469629
1470517
1470830
1471339
1471342
1471661
1472677
1472679
1473146
1473150
1473445
1473447
1473698
1473702
1474010
1475254
1475257
1475686
1475779
1475782
1476175
1476360
1476364
1476387
1476390
1476429
1476490
1476493
1476997
1477001
1477169
1477173
1477446
1477450
1477669
1477855
1478260
1478264
1478398
1478401
1478542
1478544
1478755
1478759
1479745
1479824
1479827
1479896
1480077
1480082
1480479
1481100
1481103
1481559
1481562
1482164
1482167
1483041
1483637
1483665
1483669
1483811
1483814
1484408
1484479
1484484
1485421
1485425
1485980
1485985
1486141
1486217
1486221
1486322
1486326
1486839
1486842
1486844
1486847
1486963
1487008
1487011
1487105
1487296
1487355
1487461
1488097
1488420
1488425
1488552
1488572
1489599
1489605
1489623
1489626
1489835
1490243
1490248
1491033
1491056
1491059
1491244
1491247
1491365
1491369
1491526
1491529
1491723
1491724
1492119
1492121
1492599
1493246
1493252
1493287
1493289
1493372
1493376
1493434
1493722
1493726
1494483
1494861
1494865
1495320
1495321
1495324
1495494
1495713
1495714
1496793
1496858
1496949
1496951
1497219
1497436
1497439
1497445
1497451
1497460
1497463
1498122
1498731
1498735
1500385
1500387
1500388
1500390
1500615
1500619
1500698
1500728
1501869
1501871
1502702
1502706
1502830
1502833
1503577
1503970
1503973
1504586
1504590
1504720
1504724
1505038
1505145
1505283
1505288
1505567
1505569
1505745
1505750
1505864
1505867
1506668
1506671
1506851
1506857
1506893
1506896
1507039
1507042
1507146
1507149
1507645
1507647
1507802
1507806
1508161
1508180
1508183
1508440
1508484
1508655
1508658
1509065
1509201
1509204
1509425
1509428
1510217
1510221
1510265
1510268
1510333
1510337
1510668
1510670
1510816
1510819
1511141
1511145
1511771
1512004
1512006
1512105
1512281
1512285
1512689
1513058
1513439
1513444
1513717
1513720
1514057
1514068
1514241
1514245
1514306
1514309
1514353
1514410
1514846
1516383
1516401
1516404
1517879
1517882
1517948
1518709
1518711
1519007
1519010
1519063
1519066
1519801
1519804
1519892
1519895
1520642
1520645
1520712
1520717
1520999
1521001
1521095
1521302
1521371
1521578
1521892
1521895
1522301
1522335
1522339
1522455
1522518
1522522
1522882
1522887
1523741
1523743
1523825
1523928
1523933
1524105
1524963
1524967
1525022
1526208
1526660
1526664
1526868
1526906
1526912
1527356
1527640
1527643
1527969
1527991
1528435
1528708
1528798
1530021
1530025
1530174
1530178
1530461
1530464
1530478
1530481
1530580
1530582
1530865
1530868
1531179
1531186
1531792
1531807
1531810
1531995
1531997
1532750
1532753
1532874
1532879
1533107
1533470
1533603
1534151
1534154
1534200
1534203
1534265
1534497
1534874
1534877
1534942
1534947
1534973
1534976
1535061
1535194
1535197
1536411
1536414
1536666
1537123
1537135
1537139
1537146
1537149
1537682
1537685
1537969
1538110
1538602
1538606
1538737
1538740
1538994
1540781
1540784
1541324
1542313
1542317
1542507
1542511
1542824
1543235
1543238
1543754
1543879
1544013
1544015
1544180
1544521
1545914
1546258
1546263
1547340
1547344
1548402
1548405
1548664
1548784
1549051
1549395
1549398
1549477
1549646
1549650
1550539
1550630
1550633
1550651
1550653
1551060
1551064
1551301
1551305
1551534
1551537
1551733
1551737
1552050
1552051
1552057
1552060
1552663
1553351
1553354
1553757
1553759
1554693
1554696
1555136
1555399
1555702
1555832
1556115
1556275
1556988
1556993
1557482
1557713
1557891
1558194
1558695
1559262
1559266
1559632
1559751
1559755
1561105
1561644
1561729
1561732
1561767
1561771
1561995
1562356
1562361
1563091
1563177
1563180
1563290
1563516
1563519
1563661
1563664
1563679
1563681
1563746
1564202
1564204
1564435
1564440
1565084
1565360
1565363
1566686
1566701
1567859
1568490
1568605
1568608
1569000
1569003
1569097
1569099
1569306
1569309
1569572
1569917
1569949
1569954
1569976
1569979
1570307
1570410
1570470
1570600
1570605
1571164
1571346
1571412
1571516
1571519
1571536
1571539
1571812
1573113
1573116
1573555
1573999
1574026
1575074
1575213
1575349
1575352
1575524
1575528
1575557
1575560
1575901
1575929
1576476
1576550
1576554
1577545
1577549
1577607
1577643
1577646
1577754
1577761
1577844
1577848
1579323
1579325
1579378
1579381
1579417
1579899
1581338
1581864
1581866
1581879
1581971
1582285
1582288
1582375
1582379
1582454
1582457
1582982
1582985
1583527
1583533
1583585
1583589
1584026
1584029
1584189
1584192
1584521
1584523
1584596
1584600
1584690
1585551
1585557
1586697
1588157
1588188
1588192
1588312
1588316
1588833
1589456
1589488
1589491
1589579
1589911
1589925
1590434
1590630
1590633
1590660
1590663
1590920
1590923
1591011
1591014
1591052
1591055
1591235
1591799
1591804
1591840
1591843
1591844
1591847
1591895
1591898
1592590
1592822
1593051
1593055
1593147
1593597
1594029
1594310
1594432
1594437
1595113
1595117
1595651
1595653
1596350
1596602
1596605
1596944
1596947
1597283
1597285
1597334
1597916
1597920
1598091
1598094
1599768
1600645
1600648
1600744
1600748
1600993
1600995
1601060
1601063
1601472
1601475
1601655
1601659
1601734
1601869
1602034
1602037
1602491
1602627
1602630
1602835
1603324
1604066
1604068
1604378
1604383
1604534
1604573
1604755
1605053
1605146
1605268
1605512
1605515
1605589
1605689
1605692
1605802
1605806
1605813
1605818
1605952
1605956
1605980
1605982
1606279
1606282
1606722
1606726
1606854
1606856
1607310
1607653
1607982
1607985
1608153
1608753
1608789
1608792
1608919
1610854
1611391
1611395
1611407
1611410
1612413
1612415
1613724
1613759
1613761
1614692
1614696
1615404
1615409
1616305
